20181126
20181121
20181105
20181029
20181019
20181014
20181009
20180919
20180916
20180912
20180827
20180726
20180719
20180710
20180708
20180628
20180626
20180621
20180531
20180525
20180523
20180517
20180508
20180504
20180426
20180425
20180420
20180419
20180416
20180323
20180322
20180318
20180315
20180314
20180223
20180222
20180221
20180209
20180201
20180126
20180125
20180123
20180118
20180115
20171220
20171215
20171211
20171203
20171109
20171028
20171026
20171025
20170904
20170902
20170830
20170808
20170805
20170726
20170712
20170705
20170705
20170705
20170625
20170621
20170617
20170613
20170609
20170602
20170601
20170525
20170524
20170518
20170517
20170517
20170512
20170510
20170506
20170504
20170501
20170430
20170428
20170426
20170421
20170412
20170411
20170410
20170409
20170406
20170406
20170402
20170401
20170330
20170330
20170328
20170328
20170324
20170324
20170322
20170321
20170317
20170316
20170314
20170311
20170308
20170307
20170304
20170302
20170228
20170225
20170223
20170221
20170218
20170217
20170216
20170215
20170214
20170214
20170213
20170211
20170210
20170209
20170208
20170207
20170205
20170202
20170201
20170131
20170130
20170126
20190114
20181213
20181210
20181203
20181130
20190123
